1e-16
1.1e-16
1.2e-16
1.3e-16
1.4e-16
1.5e-16
1.6e-16
1.7e-16
1.8e-16
1.9e-16
2e-16
2.1e-16
2.2e-16
2.3e-16
2.4e-16
2.5e-16
2.6e-16
2.7e-16
2.8e-16
2.9e-16
3e-16
3.1e-16
3.2e-16
3.3e-16
3.4e-16
3.5e-16
3.6e-16
3.7e-16
3.8e-16
3.9e-16
4e-16
4.1e-16
4.2e-16
4.3e-16
4.4e-16
4.5e-16
4.6e-16
4.7e-16
4.8e-16
4.9e-16
5e-16
5.1e-16
5.2e-16
5.3e-16
5.4e-16
5.5e-16
5.6e-16
5.7e-16
5.8e-16
5.9e-16
6e-16
6.1e-16
6.2e-16
6.3e-16
6.4e-16
6.5e-16
6.6e-16
6.7e-16
6.8e-16
6.9e-16
7e-16
7.1e-16
7.2e-16
7.3e-16
7.4e-16
7.5e-16
7.6e-16
7.7e-16
7.8e-16
7.9e-16
8e-16
8.1e-16
8.2e-16
8.3e-16
8.4e-16
8.5e-16
8.6e-16
8.7e-16
8.8e-16
8.9e-16
9e-16
9.1e-16
9.2e-16
9.3e-16
9.4e-16
9.5e-16
9.6e-16
9.7e-16
9.8e-16
9.9e-16
1e-15
1.1e-15
1.2e-15
1.3e-15
1.4e-15
1.5e-15
1.6e-15
1.7e-15
1.8e-15
1.9e-15
2e-15
2.1e-15
2.2e-15
2.3e-15
2.4e-15
2.5e-15
2.6e-15
2.7e-15
2.8e-15
2.9e-15
3e-15
3.1e-15
3.2e-15
3.3e-15
3.4e-15
3.5e-15
3.6e-15
3.7e-15
3.8e-15
3.9e-15
4e-15
4.1e-15
4.2e-15
4.3e-15
4.4e-15
4.5e-15
4.6e-15
4.7e-15
4.8e-15
4.9e-15
5e-15
5.1e-15
5.2e-15
5.3e-15
5.4e-15
5.5e-15
5.6e-15
5.7e-15
5.8e-15
5.9e-15
6e-15
6.1e-15
6.2e-15
6.3e-15
6.4e-15
6.5e-15
6.6e-15
6.7e-15
6.8e-15
6.9e-15
7e-15
7.1e-15
7.2e-15
7.3e-15
7.4e-15
7.5e-15
7.6e-15
7.7e-15
7.8e-15
7.9e-15
8e-15
8.1e-15
8.2e-15
8.3e-15
8.4e-15
8.5e-15
8.6e-15
8.7e-15
8.8e-15
8.9e-15
9e-15
9.1e-15
9.2e-15
9.3e-15
9.4e-15
9.5e-15
9.6e-15
9.7e-15
9.8e-15
9.9e-15
1e-14
1.1e-14
1.2e-14
1.3e-14
1.4e-14
1.5e-14
1.6e-14
1.7e-14
1.8e-14
1.9e-14
2e-14
2.1e-14
2.2e-14
2.3e-14
2.4e-14
2.5e-14
2.6e-14
2.7e-14
2.8e-14
2.9e-14
3e-14
3.1e-14
3.2e-14
3.3e-14
3.4e-14
3.5e-14
3.6e-14
3.7e-14
3.8e-14
3.9e-14
4e-14
4.1e-14
4.2e-14
4.3e-14
4.4e-14
4.5e-14
4.6e-14
4.7e-14
4.8e-14
4.9e-14
5e-14
5.1e-14
5.2e-14
5.3e-14
5.4e-14
5.5e-14
5.6e-14
5.7e-14
5.8e-14
5.9e-14
6e-14
6.1e-14
6.2e-14
6.3e-14
6.4e-14
6.5e-14
6.6e-14
6.7e-14
6.8e-14
6.9e-14
7e-14
7.1e-14
7.2e-14
7.3e-14
7.4e-14
7.5e-14
7.6e-14
7.7e-14
7.8e-14
7.9e-14
8e-14
8.1e-14
8.2e-14
8.3e-14
8.4e-14
8.5e-14
8.6e-14
8.7e-14
8.8e-14
8.9e-14
9e-14
9.1e-14
9.2e-14
9.3e-14
9.4e-14
9.5e-14
9.6e-14
9.7e-14
9.8e-14
9.9e-14
1e-13
1.1e-13
1.2e-13
1.3e-13
1.4e-13
1.5e-13
1.6e-13
1.7e-13
1.8e-13
1.9e-13
2e-13
2.1e-13
2.2e-13
2.3e-13
2.4e-13
2.5e-13
2.6e-13
2.7e-13
2.8e-13
2.9e-13
3e-13
3.1e-13
3.2e-13
3.3e-13
3.4e-13
3.5e-13
3.6e-13
3.7e-13
3.8e-13
3.9e-13
4e-13
4.1e-13
4.2e-13
4.3e-13
4.4e-13
4.5e-13
4.6e-13
4.7e-13
4.8e-13
4.9e-13
5e-13
5.1e-13
5.2e-13
5.3e-13
5.4e-13
5.5e-13
5.6e-13
5.7e-13
5.8e-13
5.9e-13
6e-13
6.1e-13
6.2e-13
6.3e-13
6.4e-13
6.5e-13
6.6e-13
6.7e-13
6.8e-13
6.9e-13
7e-13
7.1e-13
7.2e-13
7.3e-13
7.4e-13
7.5e-13
7.6e-13
7.7e-13
7.8e-13
7.9e-13
8e-13
8.1e-13
8.2e-13
8.3e-13
8.4e-13
8.5e-13
8.6e-13
8.7e-13
8.8e-13
8.9e-13
9e-13
9.1e-13
9.2e-13
9.3e-13
9.4e-13
9.5e-13
9.6e-13
9.7e-13
9.8e-13
9.9e-13
1e-12
1.1e-12
1.2e-12
1.3e-12
1.4e-12
1.5e-12
1.6e-12
1.7e-12
1.8e-12
1.9e-12
2e-12
2.1e-12
2.2e-12
2.3e-12
2.4e-12
2.5e-12
2.6e-12
2.7e-12
2.8e-12
2.9e-12
3e-12
3.1e-12
3.2e-12
3.3e-12
3.4e-12
3.5e-12
3.6e-12
3.7e-12
3.8e-12
3.9e-12
4e-12
4.1e-12
4.2e-12
4.3e-12
4.4e-12
4.5e-12
4.6e-12
4.7e-12
4.8e-12
4.9e-12
5e-12
5.1e-12
5.2e-12
5.3e-12
5.4e-12
5.5e-12
5.6e-12
5.7e-12
5.8e-12
5.9e-12
6e-12
6.1e-12
6.2e-12
6.3e-12
6.4e-12
6.5e-12
6.6e-12
6.7e-12
6.8e-12
6.9e-12
7e-12
7.1e-12
7.2e-12
7.3e-12
7.4e-12
7.5e-12
7.6e-12
7.7e-12
7.8e-12
7.9e-12
8e-12
8.1e-12
8.2e-12
8.3e-12
8.4e-12
8.5e-12
8.6e-12
8.7e-12
8.8e-12
8.9e-12
9e-12
9.1e-12
9.2e-12
9.3e-12
9.4e-12
9.5e-12
9.6e-12
9.7e-12
9.8e-12
9.9e-12
1e-11
1.1e-11
1.2e-11
1.3e-11
1.4e-11
1.5e-11
1.6e-11
1.7e-11
1.8e-11
1.9e-11
2e-11
2.1e-11
2.2e-11
2.3e-11
2.4e-11
2.5e-11
2.6e-11
2.7e-11
2.8e-11
2.9e-11
3e-11
3.1e-11
3.2e-11
3.3e-11
3.4e-11
3.5e-11
3.6e-11
3.7e-11
3.8e-11
3.9e-11
4e-11
4.1e-11
4.2e-11
4.3e-11
4.4e-11
4.5e-11
4.6e-11
4.7e-11
4.8e-11
4.9e-11
5e-11
5.1e-11
5.2e-11
5.3e-11
5.4e-11
5.5e-11
5.6e-11
5.7e-11
5.8e-11
5.9e-11
6e-11
6.1e-11
6.2e-11
6.3e-11
6.4e-11
6.5e-11
6.6e-11
6.7e-11
6.8e-11
6.9e-11
7e-11
7.1e-11
7.2e-11
7.3e-11
7.4e-11
7.5e-11
7.6e-11
7.7e-11
7.8e-11
7.9e-11
8e-11
8.1e-11
8.2e-11
8.3e-11
8.4e-11
8.5e-11
8.6e-11
8.7e-11
8.8e-11
8.9e-11
9e-11
9.1e-11
9.2e-11
9.3e-11
9.4e-11
9.5e-11
9.6e-11
9.7e-11
9.8e-11
9.9e-11
1e-10
1.1e-10
1.2e-10
1.3e-10
1.4e-10
1.5e-10
1.6e-10
1.7e-10
1.8e-10
1.9e-10
2e-10
2.1e-10
2.2e-10
2.3e-10
2.4e-10
2.5e-10
2.6e-10
2.7e-10
2.8e-10
2.9e-10
3e-10
3.1e-10
3.2e-10
3.3e-10
3.4e-10
3.5e-10
3.6e-10
3.7e-10
3.8e-10
3.9e-10
4e-10
4.1e-10
4.2e-10
4.3e-10
4.4e-10
4.5e-10
4.6e-10
4.7e-10
4.8e-10
4.9e-10
5e-10
5.1e-10
5.2e-10
5.3e-10
5.4e-10
5.5e-10
5.6e-10
5.7e-10
5.8e-10
5.9e-10
6e-10
6.1e-10
6.2e-10
6.3e-10
6.4e-10
6.5e-10
6.6e-10
6.7e-10
6.8e-10
6.9e-10
7e-10
7.1e-10
7.2e-10
7.3e-10
7.4e-10
7.5e-10
7.6e-10
7.7e-10
7.8e-10
7.9e-10
8e-10
8.1e-10
8.2e-10
8.3e-10
8.4e-10
8.5e-10
8.6e-10
8.7e-10
8.8e-10
8.9e-10
9e-10
9.1e-10
9.2e-10
9.3e-10
9.4e-10
9.5e-10
9.6e-10
9.7e-10
9.8e-10
9.9e-10
1e-09
1.1e-09
1.2e-09
1.3e-09
1.4e-09
1.5e-09
1.6e-09
1.7e-09
1.8e-09
1.9e-09
2e-09
2.1e-09
2.2e-09
2.3e-09
2.4e-09
2.5e-09
2.6e-09
2.7e-09
2.8e-09
2.9e-09
3e-09
3.1e-09
3.2e-09
3.3e-09
3.4e-09
3.5e-09
3.6e-09
3.7e-09
3.8e-09
3.9e-09
4e-09
4.1e-09
4.2e-09
4.3e-09
4.4e-09
4.5e-09
4.6e-09
4.7e-09
4.8e-09
4.9e-09
5e-09
5.1e-09
5.2e-09
5.3e-09
5.4e-09
5.5e-09
5.6e-09
5.7e-09
5.8e-09
5.9e-09
6e-09
6.1e-09
6.2e-09
6.3e-09
6.4e-09
6.5e-09
6.6e-09
6.7e-09
6.8e-09
6.9e-09
7e-09
7.1e-09
7.2e-09
7.3e-09
7.4e-09
7.5e-09
7.6e-09
7.7e-09
7.8e-09
7.9e-09
8e-09
8.1e-09
8.2e-09
8.3e-09
8.4e-09
8.5e-09
8.6e-09
8.7e-09
8.8e-09
8.9e-09
9e-09
9.1e-09
9.2e-09
9.3e-09
9.4e-09
9.5e-09
9.6e-09
9.7e-09
9.8e-09
9.9e-09
1e-08
1.1e-08
1.2e-08
1.3e-08
1.4e-08
1.5e-08
1.6e-08
1.7e-08
1.8e-08
1.9e-08
2e-08
2.1e-08
2.2e-08
2.3e-08
2.4e-08
2.5e-08
2.6e-08
2.7e-08
2.8e-08
2.9e-08
3e-08
3.1e-08
3.2e-08
3.3e-08
3.4e-08
3.5e-08
3.6e-08
3.7e-08
3.8e-08
3.9e-08
4e-08
4.1e-08
4.2e-08
4.3e-08
4.4e-08
4.5e-08
4.6e-08
4.7e-08
4.8e-08
4.9e-08
5e-08
