1e-16,	0.0229582320514
1.1e-16,	0.0277794592704
1.2e-16,	0.0330598505555
1.3e-16,	0.038799405832
1.4e-16,	0.0449981250248
1.5e-16,	0.051656008059
1.6e-16,	0.0587730548595
1.7e-16,	0.0663492653514
1.8e-16,	0.0743846394598
1.9e-16,	0.0828791771097
2e-16,	0.0918328782261
2.1e-16,	0.101245742734
2.2e-16,	0.111117770558
2.3e-16,	0.121448961625
2.4e-16,	0.132239315857
2.5e-16,	0.143488833182
2.6e-16,	0.155197513523
2.7e-16,	0.167365356805
2.8e-16,	0.179992362955
2.9e-16,	0.193078531896
3e-16,	0.206623863554
3.1e-16,	0.220628357854
3.2e-16,	0.235092014721
3.3e-16,	0.25001483408
3.4e-16,	0.265396815855
3.5e-16,	0.281237959973
3.6e-16,	0.297538266358
3.7e-16,	0.314297734934
3.8e-16,	0.331516365628
3.9e-16,	0.349194158364
4e-16,	0.367331113067
4.1e-16,	0.385927229662
4.2e-16,	0.404982508074
4.3e-16,	0.424496948228
4.4e-16,	0.44447055005
4.5e-16,	0.464903313464
4.6e-16,	0.485795238395
4.7e-16,	0.507146324769
4.8e-16,	0.52895657251
4.9e-16,	0.551225981543
5e-16,	0.573954551794
5.1e-16,	0.597142283187
5.2e-16,	0.620789175648
5.3e-16,	0.644895229101
5.4e-16,	0.669460443471
5.5e-16,	0.694484818685
5.6e-16,	0.719968354666
5.7e-16,	0.745911051339
5.8e-16,	0.77231290863
5.9e-16,	0.799173926464
6e-16,	0.826494104766
6.1e-16,	0.85427344346
6.2e-16,	0.882511942472
6.3e-16,	0.911209601727
6.4e-16,	0.94036642115
6.5e-16,	0.969982400666
6.6e-16,	1.0000575402
6.7e-16,	1.03059183968
6.8e-16,	1.06158529902
6.9e-16,	1.09303791816
7e-16,	1.12494969701
7.1e-16,	1.15732063551
7.2e-16,	1.19015073358
7.3e-16,	1.22343999114
7.4e-16,	1.25718840812
7.5e-16,	1.29139598444
7.6e-16,	1.32606272003
7.7e-16,	1.36118861481
7.8e-16,	1.39677366871
7.9e-16,	1.43281788166
8e-16,	1.46932125357
8.1e-16,	1.50628378437
8.2e-16,	1.543705474
8.3e-16,	1.58158632237
8.4e-16,	1.6199263294
8.5e-16,	1.65872549503
8.6e-16,	1.69798381918
8.7e-16,	1.73770130177
8.8e-16,	1.77787794273
8.9e-16,	1.81851374199
9e-16,	1.85960869946
9.1e-16,	1.90116281508
9.2e-16,	1.94317608876
9.3e-16,	1.98564852044
9.4e-16,	2.02858011004
9.5e-16,	2.07197085748
9.6e-16,	2.11582076269
9.7e-16,	2.16012982559
9.8e-16,	2.20489804612
9.9e-16,	2.25012542419
1e-15,	2.29581195972
1.1e-15,	2.77793095938
1.2e-15,	3.30596562347
1.3e-15,	3.87991587702
1.4e-15,	4.49978164506
1.5e-15,	5.16556285262
1.6e-15,	5.87725942474
1.7e-15,	6.63487128645
1.8e-15,	7.43839836277
1.9e-15,	8.28784057873
2e-15,	9.18319785938
2.1e-15,	10.1244701297
2.2e-15,	11.1116573148
2.3e-15,	12.1447593397
2.4e-15,	13.2237761294
2.5e-15,	14.3487076089
2.6e-15,	15.5195537033
2.7e-15,	16.7363143375
2.8e-15,	17.9989894367
2.9e-15,	19.3075789259
3e-15,	20.6620827301
3.1e-15,	22.0625007743
3.2e-15,	23.5088329835
3.3e-15,	25.0010792829
3.4e-15,	26.5392395973
3.5e-15,	28.1233138519
3.6e-15,	29.7533019717
3.7e-15,	31.4292038817
3.8e-15,	33.151019507
3.9e-15,	34.9187487726
4e-15,	36.7323916034
4.1e-15,	38.5919479246
4.2e-15,	40.4974176612
4.3e-15,	42.4488007382
4.4e-15,	44.4460970807
4.5e-15,	46.4893066136
4.6e-15,	48.578429262
4.7e-15,	50.713464951
4.8e-15,	52.8944136055
4.9e-15,	55.1212751507
5e-15,	57.3940495115
5.1e-15,	59.712736613
5.2e-15,	62.0773363801
5.3e-15,	64.4878487381
5.4e-15,	66.9442736117
5.5e-15,	69.4466109262
5.6e-15,	71.9948606066
5.7e-15,	74.5890225777
5.8e-15,	77.2290967648
5.9e-15,	79.9150830929
6e-15,	82.6469814869
6.1e-15,	85.4247918719
6.2e-15,	88.2485141729
6.3e-15,	91.1181483151
6.4e-15,	94.0336942233
6.5e-15,	96.9951518226
6.6e-15,	100.002521038
6.7e-15,	103.055801795
6.8e-15,	106.154994018
6.9e-15,	109.300097632
7e-15,	112.491112563
7.1e-15,	115.728038735
7.2e-15,	119.010876073
7.3e-15,	122.339624502
7.4e-15,	125.714283949
7.5e-15,	129.134854336
7.6e-15,	132.60133559
7.7e-15,	136.113727636
7.8e-15,	139.672030398
7.9e-15,	143.276243802
8e-15,	146.926367772
8.1e-15,	150.622402235
8.2e-15,	154.364347113
8.3e-15,	158.152202334
8.4e-15,	161.985967821
8.5e-15,	165.865643501
8.6e-15,	169.791229297
8.7e-15,	173.762725135
8.8e-15,	177.78013094
8.9e-15,	181.843446636
9e-15,	185.95267215
9.1e-15,	190.107807406
9.2e-15,	194.308852329
9.3e-15,	198.555806844
9.4e-15,	202.848670876
9.5e-15,	207.18744435
9.6e-15,	211.572127192
9.7e-15,	216.002719326
9.8e-15,	220.479220677
9.9e-15,	225.00163117
1e-14,	229.56995073
1.1e-14,	277.778128548
1.2e-14,	330.577130639
1.3e-14,	387.96688204
1.4e-14,	449.947307785
1.5e-14,	516.518332914
1.6e-14,	587.679882462
1.7e-14,	663.431881469
1.8e-14,	743.774254973
1.9e-14,	828.706928012
2e-14,	918.229825626
2.1e-14,	1012.34287285
2.2e-14,	1111.04599474
2.3e-14,	1214.33911632
2.4e-14,	1322.22216264
2.5e-14,	1434.69505874
2.6e-14,	1551.75772966
2.7e-14,	1673.41010044
2.8e-14,	1799.65209614
2.9e-14,	1930.48364178
3e-14,	2065.90466242
3.1e-14,	2205.91508311
3.2e-14,	2350.51482888
3.3e-14,	2499.70382478
3.4e-14,	2653.48199587
3.5e-14,	2811.84926717
3.6e-14,	2974.80556376
3.7e-14,	3142.35081066
3.8e-14,	3314.48493293
3.9e-14,	3491.20785562
4e-14,	3672.51950378
4.1e-14,	3858.41980245
4.2e-14,	4048.9086767
4.3e-14,	4243.98605156
4.4e-14,	4443.65185209
4.5e-14,	4647.90600334
4.6e-14,	4856.74843036
4.7e-14,	5070.17905821
4.8e-14,	5288.19781194
4.9e-14,	5510.8046166
5e-14,	5737.99939725
5.1e-14,	5969.78207894
5.2e-14,	6206.15258673
5.3e-14,	6447.11084567
5.4e-14,	6692.65678082
5.5e-14,	6942.79031724
5.6e-14,	7197.51137998
5.7e-14,	7456.8198941
5.8e-14,	7720.71578465
5.9e-14,	7989.19897671
6e-14,	8262.26939532
6.1e-14,	8539.92696555
6.2e-14,	8822.17161245
6.3e-14,	9109.00326109
6.4e-14,	9400.42183652
6.5e-14,	9696.42726382
6.6e-14,	9997.01946803
6.7e-14,	10302.1983742
6.8e-14,	10611.9639075
6.9e-14,	10926.3159928
7e-14,	11245.2545554
7.1e-14,	11568.7795201
7.2e-14,	11896.8908122
7.3e-14,	12229.5883567
7.4e-14,	12566.8720785
7.5e-14,	12908.7419029
7.6e-14,	13255.1977549
7.7e-14,	13606.2395594
7.8e-14,	13961.8672417
7.9e-14,	14322.0807268
8e-14,	14686.8799397
8.1e-14,	15056.2648055
8.2e-14,	15430.2352493
8.3e-14,	15808.7911961
8.4e-14,	16191.9325711
8.5e-14,	16579.6592993
8.6e-14,	16971.9713057
8.7e-14,	17368.8685155
8.8e-14,	17770.3508536
8.9e-14,	18176.4182453
9e-14,	18587.0706155
9.1e-14,	19002.3078894
9.2e-14,	19422.1299919
9.3e-14,	19846.5368483
9.4e-14,	20275.5283834
9.5e-14,	20709.1045226
9.6e-14,	21147.2651907
9.7e-14,	21590.0103129
9.8e-14,	22037.3398143
9.9e-14,	22489.25362
1e-13,	22945.7516549
1.1e-13,	27762.848135
1.2e-13,	33038.2851377
1.3e-13,	38771.9877498
1.4e-13,	44963.8810632
1.5e-13,	51613.8901744
1.6e-13,	58721.9401852
1.7e-13,	66287.9562019
1.8e-13,	74311.8633361
1.9e-13,	82793.586704
2e-13,	91733.0514269
2.1e-13,	101130.182631
2.2e-13,	110984.905447
2.3e-13,	121297.145012
2.4e-13,	132066.826465
2.5e-13,	143293.874954
2.6e-13,	154978.215628
2.7e-13,	167119.773643
2.8e-13,	179718.47416
2.9e-13,	192774.242344
3e-13,	206287.003366
3.1e-13,	220256.6824
3.2e-13,	234683.204628
3.3e-13,	249566.495234
3.4e-13,	264906.479407
3.5e-13,	280703.082344
3.6e-13,	296956.229244
3.7e-13,	313665.845311
3.8e-13,	330831.855756
3.9e-13,	348454.185792
4e-13,	366532.76064
4.1e-13,	385067.505523
4.2e-13,	404058.345672
4.3e-13,	423505.20632
4.4e-13,	443408.012706
4.5e-13,	463766.690074
4.6e-13,	484581.163674
4.7e-13,	505851.358759
4.8e-13,	527577.200588
4.9e-13,	549758.614424
5e-13,	572395.525537
5.1e-13,	595487.8592
5.2e-13,	619035.540691
5.3e-13,	643038.495293
5.4e-13,	667496.648295
5.5e-13,	692409.92499
5.6e-13,	717778.250676
5.7e-13,	743601.550656
5.8e-13,	769879.750238
5.9e-13,	796612.774734
6e-13,	823800.549463
6.1e-13,	851442.999747
6.2e-13,	879540.050914
6.3e-13,	908091.628295
6.4e-13,	937097.657229
6.5e-13,	966558.063058
6.6e-13,	996472.771128
6.7e-13,	1026841.70679
6.8e-13,	1057664.79541
6.9e-13,	1088941.96234
7e-13,	1120673.13294
7.1e-13,	1152858.2326
7.2e-13,	1185497.18669
7.3e-13,	1218589.92059
7.4e-13,	1252136.35968
7.5e-13,	1286136.42936
7.6e-13,	1320590.05503
7.7e-13,	1355497.16208
7.8e-13,	1390857.67592
7.9e-13,	1426671.52196
8e-13,	1462938.62562
8.1e-13,	1499658.91232
8.2e-13,	1536832.30749
8.3e-13,	1574458.73655
8.4e-13,	1612538.12494
8.5e-13,	1651070.3981
8.6e-13,	1690055.48149
8.7e-13,	1729493.30053
8.8e-13,	1769383.7807
8.9e-13,	1809726.84746
9e-13,	1850522.42626
9.1e-13,	1891770.44258
9.2e-13,	1933470.82189
9.3e-13,	1975623.48968
9.4e-13,	2018228.37142
9.5e-13,	2061285.39261
9.6e-13,	2104794.47874
9.7e-13,	2148755.55531
9.8e-13,	2193168.54783
9.9e-13,	2238033.3818
1e-12,	2283349.98274
1.1e-12,	2761346.79206
1.2e-12,	3284438.40034
1.3e-12,	3852550.40283
1.4e-12,	4465608.44386
1.5e-12,	5123538.21693
1.6e-12,	5826265.46462
1.7e-12,	6573715.97865
1.8e-12,	7365815.59984
1.9e-12,	8202490.21816
2e-12,	9083665.77267
2.1e-12,	10009268.2515
2.2e-12,	10979223.6921
2.3e-12,	11993458.1808
2.4e-12,	13051897.8531
2.5e-12,	14154468.8938
2.6e-12,	15301097.5365
2.7e-12,	16491710.0642
2.8e-12,	17726232.809
2.9e-12,	19004592.1519
3e-12,	20326714.5233
3.1e-12,	21692526.4024
3.2e-12,	23101954.3178
3.3e-12,	24554924.8471
3.4e-12,	26051364.617
3.5e-12,	27591200.3035
3.6e-12,	29174358.6313
3.7e-12,	30800766.3748
3.8e-12,	32470350.3569
3.9e-12,	34183037.4502
4e-12,	35938754.5759
4.1e-12,	37737428.7047
4.2e-12,	39578986.8564
4.3e-12,	41463356.0995
4.4e-12,	43390463.5522
4.5e-12,	45360236.3814
4.6e-12,	47372601.8032
4.7e-12,	49427487.0831
4.8e-12,	51524819.5353
4.9e-12,	53664526.5233
5e-12,	55846535.4599
5.1e-12,	58070773.8067
5.2e-12,	60337169.0747
5.3e-12,	62645648.8237
5.4e-12,	64996140.663
5.5e-12,	67388572.2507
5.6e-12,	69822871.2943
5.7e-12,	72298965.5501
5.8e-12,	74816782.8237
5.9e-12,	77376250.9699
6e-12,	79977297.8924
6.1e-12,	82619851.5443
6.2e-12,	85303839.9275
6.3e-12,	88029191.0932
6.4e-12,	90795833.1418
6.5e-12,	93603694.2227
6.6e-12,	96452702.5343
6.7e-12,	99342786.3244
6.8e-12,	102273873.89
6.9e-12,	105245893.576
7e-12,	108258773.779
7.1e-12,	111312442.941
7.2e-12,	114406829.557
7.3e-12,	117541862.17
7.4e-12,	120717469.369
7.5e-12,	123933579.796
7.6e-12,	127190122.141
7.7e-12,	130487025.143
7.8e-12,	133824217.589
7.9e-12,	137201628.316
8e-12,	140619186.211
8.1e-12,	144076820.209
8.2e-12,	147574459.295
8.3e-12,	151112032.502
8.4e-12,	154689468.912
8.5e-12,	158306697.658
8.6e-12,	161963647.921
8.7e-12,	165660248.929
8.8e-12,	169396429.964
8.9e-12,	173172120.352
9e-12,	176987249.471
9.1e-12,	180841746.749
9.2e-12,	184735541.659
9.3e-12,	188668563.728
9.4e-12,	192640742.528
9.5e-12,	196652007.684
9.6e-12,	200702288.866
9.7e-12,	204791515.797
9.8e-12,	208919618.247
9.9e-12,	213086526.034
1e-11,	217292169.028
1.1e-11,	261463641.537
1.2e-11,	309431854.844
1.3e-11,	361127487.981
1.4e-11,	416481736.235
1.5e-11,	475426214.306
1.6e-11,	537893096.611
1.7e-11,	603815026.926
1.8e-11,	673125140.218
1.9e-11,	745757062.64
2e-11,	821644911.531
2.1e-11,	900723295.422
2.2e-11,	982927256.938
2.3e-11,	1068192496.5
2.4e-11,	1156455043.65
2.5e-11,	1247651471.68
2.6e-11,	1341718845.06
2.7e-11,	1438594719.45
2.8e-11,	1538217141.71
2.9e-11,	1640524649.87
3e-11,	1745456273.17
3.1e-11,	1852951532.01
3.2e-11,	1962950120.92
3.3e-11,	2075393159.47
3.4e-11,	2190220989.16
3.5e-11,	2307375781.24
3.6e-11,	2426799514.3
3.7e-11,	2548434000.98
3.8e-11,	2672222614.1
3.9e-11,	2798108617.83
4e-11,	2926036067.02
4.1e-11,	3055949550.9
4.2e-11,	3187792745.05
4.3e-11,	3321513309.52
4.4e-11,	3457055359.02
4.5e-11,	3594367602.89
4.6e-11,	3733393270.92
4.7e-11,	3874081989.73
4.8e-11,	4016382064.19
4.9e-11,	4160241375.87
5e-11,	4305606172.54
5.1e-11,	4452430678.51
5.2e-11,	4600661515.73
5.3e-11,	4750250636.18
5.4e-11,	4901145335.12
5.5e-11,	5053300972.63
5.6e-11,	5206667987.4
5.7e-11,	5361198937.67
5.8e-11,	5516845858.01
5.9e-11,	5673562407.61
6e-11,	5831302351.33
6.1e-11,	5990019945.23
6.2e-11,	6149669936.56
6.3e-11,	6310207563.74
6.4e-11,	6471588556.39
6.5e-11,	6633769135.33
6.6e-11,	6796706012.54
6.7e-11,	6960356391.21
6.8e-11,	7124677965.7
6.9e-11,	7289628921.58
7e-11,	7455167935.59
7.1e-11,	7621254175.68
7.2e-11,	7787847300.94
7.3e-11,	7954907461.71
7.4e-11,	8122395299.48
7.5e-11,	8290271946.93
7.6e-11,	8458499027.93
7.7e-11,	8627038657.55
7.8e-11,	8795853442.04
7.9e-11,	8964906478.84
8e-11,	9134161356.57
8.1e-11,	9303582155.04
8.2e-11,	9473134744.47
8.3e-11,	9642781611.36
8.4e-11,	9812487646.99
8.5e-11,	9982222743.92
8.6e-11,	10151951528.6
8.7e-11,	10321641028.0
8.8e-11,	10491258760.3
8.9e-11,	10660772734.7
9e-11,	10830151451.8
9.1e-11,	10999363903.3
9.2e-11,	11168379572.0
9.3e-11,	11337168432.0
9.4e-11,	11505700948.7
9.5e-11,	11673948078.3
9.6e-11,	11841881268.6
9.7e-11,	12009472458.4
9.8e-11,	12176694873.9
9.9e-11,	12343519609.5
1e-10,	12509921344.5
1.1e-10,	14145162818.7
1.2e-10,	15712481074.3
1.3e-10,	17193395842.6
1.4e-10,	18574327683.1
1.5e-10,	19846627376.9
1.6e-10,	21006544839.1
1.7e-10,	22055241905.7
1.8e-10,	22998793741.0
1.9e-10,	23848192030.8
2e-10,	24619318901.6
2.1e-10,	25333017395.4
2.2e-10,	26013404411.8
2.3e-10,	26670767466.3
2.4e-10,	27305425532.5
2.5e-10,	27917490956.2
2.6e-10,	28507117797.0
2.7e-10,	29074489318.1
2.8e-10,	29619773103.4
2.9e-10,	30143189132.8
3e-10,	30644944687.5
3.1e-10,	31125300341.9
3.2e-10,	31584478331.6
3.3e-10,	32022743173.3
3.4e-10,	32440365018.8
3.5e-10,	32837623253.0
3.6e-10,	33214806917.8
3.7e-10,	33572200497.0
3.8e-10,	33910114155.6
3.9e-10,	34228834416.7
4e-10,	34528670753.9
4.1e-10,	34809954771.7
4.2e-10,	35072950959.0
4.3e-10,	35318050188.8
4.4e-10,	35545484966.0
4.5e-10,	35755624208.5
4.6e-10,	35948762566.9
4.7e-10,	36125213258.6
4.8e-10,	36285312777.6
4.9e-10,	36429359355.1
5e-10,	36557671763.3
5.1e-10,	36670558982.0
5.2e-10,	36768344928.0
5.3e-10,	36851330534.6
5.4e-10,	36919824175.6
5.5e-10,	36974134553.1
5.6e-10,	37014565873.4
5.7e-10,	37041419928.3
5.8e-10,	37054996513.0
5.9e-10,	37055593369.0
6e-10,	37043505468.4
6.1e-10,	37019024893.0
6.2e-10,	36982441268.2
6.3e-10,	36934042163.1
6.4e-10,	36874111869.5
6.5e-10,	36802931584.5
6.6e-10,	36720780221.7
6.7e-10,	36627933580.0
6.8e-10,	36524664298.5
6.9e-10,	36411243853.3
7e-10,	36287938507.0
7.1e-10,	36155010904.2
7.2e-10,	36012724764.0
7.3e-10,	35861337695.9
7.4e-10,	35701104227.0
7.5e-10,	35532277899.1
7.6e-10,	35355107688.0
7.7e-10,	35169840182.0
7.8e-10,	34976718788.6
7.9e-10,	34775984265.7
8e-10,	34567874153.3
8.1e-10,	34352623161.1
8.2e-10,	34130463223.3
8.3e-10,	33901622980.8
8.4e-10,	33666328393.7
8.5e-10,	33424802589.8
8.6e-10,	33177265392.5
8.7e-10,	32923934700.3
8.8e-10,	32665019069.8
8.9e-10,	32400745847.4
9e-10,	32131308089.0
9.1e-10,	31856916851.6
9.2e-10,	31577775197.0
9.3e-10,	31294083337.2
9.4e-10,	31006038725.6
9.5e-10,	30713836052.5
9.6e-10,	30417667286.9
9.7e-10,	30117721558.1
9.8e-10,	29814185349.5
9.9e-10,	29507242899.8
1e-09,	29197073910.3
1.1e-09,	25955917496.5
1.2e-09,	22571978298.7
1.3e-09,	19184328594.8
1.4e-09,	15908438474.5
1.5e-09,	12837521621.8
1.6e-09,	10043739406.7
1.7e-09,	7579259726.17
1.8e-09,	5477186796.44
1.9e-09,	3752368096.15
2e-09,	2402098989.09
2.1e-09,	1406742593.0
2.2e-09,	730309370.401
2.3e-09,	321112631.834
2.4e-09,	113115481.2
2.5e-09,	31061615.659
2.6e-09,	7126221.74349
2.7e-09,	1639900.19143
2.8e-09,	495804.469215
2.9e-09,	235203.439002
3e-09,	157258.238434
3.1e-09,	124038.844877
3.2e-09,	105233.342042
3.3e-09,	92597.5601418
3.4e-09,	83247.2206779
3.5e-09,	75916.5255687
3.6e-09,	69945.9757308
3.7e-09,	64948.4509764
3.8e-09,	60677.4286204
3.9e-09,	56966.5944578
4e-09,	53698.8484127
4.1e-09,	50788.9541976
4.2e-09,	48173.1820193
4.3e-09,	45802.803435
4.4e-09,	43639.8514537
4.5e-09,	41654.2529201
4.6e-09,	39821.8433476
4.7e-09,	38122.9590002
4.8e-09,	36541.4155507
4.9e-09,	35063.7563971
5e-09,	33678.6886944
5.1e-09,	32376.6543061
5.2e-09,	31149.5005864
5.3e-09,	29990.2227328
5.4e-09,	28892.7640058
5.5e-09,	27851.8527795
5.6e-09,	26862.875238
5.7e-09,	25921.7711034
5.8e-09,	25024.948822
5.9e-09,	24169.2162092
6e-09,	23351.7234158
6.1e-09,	22569.9130692
6.2e-09,	21821.4859112
6.3e-09,	21104.3617331
6.4e-09,	20416.6543366
6.5e-09,	19756.6466639
6.6e-09,	19122.7705173
6.7e-09,	18513.589436
6.8e-09,	17927.7833743
6.9e-09,	17364.1352834
7e-09,	16821.5242813
7.1e-09,	16298.9070267
7.2e-09,	15795.3181842
7.3e-09,	15309.8584803
7.4e-09,	14841.6894184
7.5e-09,	14390.0274448
7.6e-09,	13954.1387352
7.7e-09,	13533.3351284
7.8e-09,	13126.969853
7.9e-09,	12734.4341145
8e-09,	12355.1540369
8.1e-09,	11988.5877522
8.2e-09,	11634.2230138
8.3e-09,	11291.5748514
8.4e-09,	10960.1836397
8.5e-09,	10639.6131688
8.6e-09,	10329.4491255
8.7e-09,	10029.297438
8.8e-09,	9738.78291487
8.9e-09,	9457.54830402
9e-09,	9185.25261062
9.1e-09,	8921.57050035
9.2e-09,	8666.19121883
9.3e-09,	8418.81520171
9.4e-09,	8179.16586191
9.5e-09,	7946.9636391
9.6e-09,	7721.9505912
9.7e-09,	7503.87731639
9.8e-09,	7292.50387215
9.9e-09,	7087.60128407
1e-08,	6888.94902478
1.1e-08,	5203.4714075
1.2e-08,	3954.49253028
1.3e-08,	3022.0236182
1.4e-08,	2321.59327192
1.5e-08,	1792.79819442
1.6e-08,	1392.00222639
1.7e-08,	1087.02621448
1.8e-08,	853.56254654
1.9e-08,	673.700212933
2e-08,	534.432400016
2.1e-08,	426.158157201
2.2e-08,	341.628361051
2.3e-08,	275.311828907
2.4e-08,	223.005470528
2.5e-08,	181.529078744
2.6e-08,	148.469548278
2.7e-08,	121.984174864
2.8e-08,	100.657796769
2.9e-08,	83.3988442752
3e-08,	69.3621915071
3.1e-08,	57.891080434
3.2e-08,	48.472996876
3.3e-08,	40.7061125553
3.4e-08,	34.2737109548
3.5e-08,	28.9249838262
3.6e-08,	24.4602586545
3.7e-08,	20.7198935022
3.8e-08,	17.5756607978
3.9e-08,	14.924165947
4e-08,	12.6816510893
4.1e-08,	10.7799628331
4.2e-08,	9.16339479649
4.3e-08,	7.78621412665
4.4e-08,	6.61072838287
4.5e-08,	5.60579116528
4.6e-08,	4.74554276548
4.7e-08,	4.00849963788
4.8e-08,	3.37669919216
4.9e-08,	2.83509481942
5e-08,	2.37101257119
