6.90549530414e-14
1.80659858875e-15
0.0
0.0
0.0
1.56239331797e-16
1.25750687635e-16
0.0
0.0
1.56657198415e-16
0.0
1.42679096719e-16
0.0
0.0
1.25219033359e-16
0.0
0.0
0.0
1.18896848297e-16
0.0
0.0
0.0
2.78086773914e-16
1.23942524631e-16
1.11076027211e-16
0.0
1.80700907597e-16
1.63787341545e-16
0.0
0.0
0.0
0.0
0.0
0.0
1.72448860713e-16
0.0
0.0
1.31716544739e-16
1.20245914478e-16
0.0
0.0
0.0
0.0
1.49437751787e-16
0.0
0.0
2.19104007405e-16
0.0
0.0
0.0
0.0
1.22137864076e-16
2.14402732755e-16
1.87107121067e-16
0.0
0.0
0.0
0.0
1.68476880356e-16
0.0
1.12763958272e-16
0.0
0.0
0.0
1.5382973912e-16
0.0
0.0
0.0
0.0
1.36895852466e-16
0.0
1.7540840737e-16
0.0
0.0
0.0
0.0
0.0
1.67544531596e-16
1.99940261463e-16
1.23708703213e-16
1.59595356586e-16
0.0
1.53472386718e-16
0.0
1.83641251183e-16
0.0
1.36389281945e-16
0.0
0.0
1.14074938415e-16
1.11257742269e-16
2.18675555488e-16
0.0
0.0
0.0
2.10605756935e-16
0.0
2.08171004841e-16
0.0
2.06105811967e-16
0.0
0.0
0.0
0.0
0.0
0.0
0.0
0.0
1.9890707844e-16
0.0
0.0
0.0
0.0
0.0
0.0
0.0
0.0
1.93606635829e-16
1.93099095065e-16
0.0
0.0
0.0
0.0
0.0
0.0
0.0
1.89509173892e-16
0.0
0.0
0.0
0.0
0.0
0.0
1.86926226278e-16
0.0
0.0
0.0
1.85639435221e-16
0.0
1.85037707257e-16
1.84748209668e-16
1.84467659952e-16
0.0
0.0
1.83653935244e-16
0.0
1.83142963996e-16
0.0
0.0
1.82410669936e-16
1.82179807291e-16
1.81949236885e-16
0.0
0.0
0.0
1.81079896821e-16
0.0
1.80667584676e-16
0.0
0.0
1.80081972312e-16
1.79891332435e-16
0.0
0.0
1.79345398488e-16
1.79167914413e-16
0.0
1.78825825488e-16
1.78657082891e-16
1.78492609308e-16
0.0
1.78172321411e-16
0.0
1.77860798796e-16
0.0
0.0
1.77410875237e-16
0.0
0.0
0.0
0.0
0.0
1.76567284736e-16
0.0
0.0
1.76173360485e-16
0.0
0.0
1.75792457885e-16
1.75667021796e-16
0.0
1.75424496392e-16
0.0
0.0
0.0
1.749525345e-16
0.0
0.0
1.74614473366e-16
0.0
0.0
1.74281078355e-16
1.74176772351e-16
0.0
0.0
0.0
0.0
0.0
0.0
0.0
0.0
0.0
0.0
0.0
0.0
1.72858300356e-16
1.72762801701e-16
0.0
1.72575936411e-16
0.0
0.0
0.0
0.0
1.72115601298e-16
0.0
1.71933394884e-16
1.7184236392e-16
0.0
1.71668352157e-16
1.7157746166e-16
0.0
1.71403718118e-16
0.0
1.71234093254e-16
1.71147373426e-16
0.0
1.70978002311e-16
0.0
0.0
0.0
1.70639762731e-16
0.0
0.0
1.70392407182e-16
0.0
1.70231622454e-16
1.70149328135e-16
0.0
0.0
0.0
1.69828368944e-16
0.0
0.0
0.0
0.0
0.0
0.0
0.0
0.0
0.0
0.0
0.0
0.0
1.68806917096e-16
0.0
1.68651511804e-16
0.0
0.0
1.68422549966e-16
0.0
0.0
1.68193899017e-16
1.68120331822e-16
0.0
1.67965558549e-16
0.0
0.0
1.67741390344e-16
1.67664160437e-16
0.0
0.0
0.0
1.673671568e-16
0.0
0.0
1.67139938678e-16
0.0
0.0
0.0
0.0
1.6677088694e-16
1.66694103803e-16
0.0
0.0
0.0
1.66398818579e-16
1.66326036444e-16
0.0
0.0
0.0
0.0
0.0
0.0
0.0
1.65733475774e-16
0.0
1.65588525357e-16
0.0
0.0
0.0
0.0
1.65219094853e-16
0.0
0.0
0.0
0.0
0.0
0.0
1.64702517863e-16
0.0
1.64554680046e-16
0.0
0.0
0.0
1.64263184702e-16
0.0
1.64115741164e-16
0.0
0.0
0.0
1.63817479116e-16
0.0
0.0
0.0
1.63523524259e-16
1.63448236234e-16
0.0
0.0
0.0
0.0
0.0
0.0
0.0
1.62858427995e-16
1.62783446182e-16
1.62708498949e-16
0.0
0.0
0.0
0.0
0.0
0.0
1.62188567708e-16
0.0
1.62042986352e-16
1.61968380021e-16
0.0
0.0
1.61744766893e-16
0.0
0.0
1.61517743453e-16
0.0
0.0
0.0
0.0
0.0
0.0
0.0
0.0
0.0
1.60768233026e-16
0.0
1.60620228185e-16
0.0
0.0
0.0
0.0
0.0
0.0
1.60092224219e-16
1.60014831448e-16
0.0
0.0
0.0
1.59712989319e-16
1.59639455757e-16
0.0
0.0
1.59411716603e-16
0.0
1.59257626309e-16
1.59184302385e-16
0.0
1.59030431886e-16
0.0
1.58880368515e-16
0.0
1.58726791828e-16
1.58650059179e-16
1.58573363629e-16
0.0
1.58420083738e-16
1.58343499306e-16
1.58266951972e-16
0.0
1.58113968243e-16
1.58037531846e-16
1.57961132368e-16
1.57884769899e-16
1.57808444259e-16
1.57732155628e-16
0.0
0.0
1.57499884104e-16
0.0
1.57347641833e-16
0.0
0.0
1.57115936495e-16
0.0
0.0
1.56884572482e-16
0.0
1.56729316116e-16
0.0
0.0
0.0
0.0
0.0
1.56264468309e-16
0.0
1.56109825578e-16
0.0
0.0
0.0
0.0
0.0
1.55643231219e-16
1.55564407252e-16
1.55489203356e-16
0.0
0.0
0.0
1.55178031508e-16
0.0
0.0
1.54942385625e-16
0.0
1.54785487234e-16
0.0
0.0
1.54550437426e-16
1.54472166811e-16
0.0
0.0
0.0
0.0
1.54081408003e-16
0.0
0.0
0.0
0.0
0.0
1.53610265073e-16
0.0
0.0
0.0
0.0
1.53218158543e-16
0.0
1.53063006143e-16
1.5298196627e-16
0.0
1.52827052959e-16
1.52746138019e-16
0.0
1.52587950062e-16
0.0
0.0
1.5235272922e-16
1.52275571654e-16
0.0
0.0
1.52037331533e-16
0.0
0.0
0.0
0.0
0.0
0.0
1.51485211814e-16
1.51405007314e-16
1.51328329643e-16
1.51248208223e-16
0.0
0.0
0.0
0.0
0.0
0.0
0.0
1.50615697858e-16
1.50535953751e-16
0.0
1.5037659215e-16
0.0
1.50220858134e-16
1.50141322982e-16
0.0
0.0
1.49902970344e-16
0.0
0.0
0.0
1.49585755246e-16
0.0
1.49427399542e-16
1.49348284511e-16
0.0
0.0
0.0
0.0
1.48953337475e-16
0.0
1.4879565124e-16
1.48716870743e-16
1.48634709453e-16
0.0
0.0
1.48398748506e-16
0.0
0.0
1.4815975063e-16
0.0
0.0
1.47924543726e-16
0.0
0.0
0.0
0.0
0.0
0.0
0.0
0.0
1.47210991713e-16
0.0
0.0
1.46973906798e-16
0.0
0.0
0.0
0.0
1.46578488332e-16
0.0
0.0
0.0
1.46264940354e-16
1.46184133705e-16
1.46106735864e-16
0.0
0.0
0.0
0.0
0.0
0.0
0.0
1.45475627236e-16
0.0
0.0
1.45237992833e-16
0.0
0.0
0.0
0.0
0.0
1.44767221288e-16
1.44687242094e-16
0.0
0.0
1.44450895497e-16
1.4437441535e-16
1.44294653129e-16
0.0
0.0
1.44058947795e-16
1.43979359943e-16
0.0
0.0
0.0
0.0
0.0
1.43509363569e-16
1.43433381917e-16
0.0
1.43274941066e-16
1.43199083553e-16
0.0
0.0
0.0
1.42886184227e-16
0.0
0.0
0.0
1.4257396859e-16
0.0
0.0
0.0
0.0
1.42183839779e-16
1.42105287816e-16
0.0
1.41951582516e-16
1.41873158834e-16
1.41794778512e-16
0.0
1.41641409017e-16
0.0
0.0
0.0
0.0
0.0
0.0
1.41097798773e-16
0.0
1.4094518321e-16
0.0
0.0
0.0
0.0
0.0
1.40481856692e-16
0.0
0.0
0.0
1.4017489465e-16
1.40097452551e-16
0.0
0.0
0.0
0.0
1.39714100308e-16
0.0
1.39559767888e-16
0.0
0.0
0.0
0.0
1.39177886947e-16
1.39100995642e-16
1.39024146772e-16
0.0
0.0
0.0
0.0
0.0
0.0
1.38490581375e-16
0.0
0.0
0.0
1.38187970491e-16
1.38111626075e-16
0.0
0.0
1.37886020748e-16
1.37809843171e-16
0.0
1.37657614219e-16
0.0
0.0
0.0
0.0
0.0
1.37205094909e-16
0.0
0.0
0.0
0.0
1.36829657056e-16
0.0
0.0
0.0
0.0
0.0
0.0
1.36307652528e-16
0.0
0.0
0.0
0.0
1.35934670415e-16
1.35859570885e-16
0.0
0.0
0.0
1.35562708844e-16
0.0
0.0
0.0
0.0
1.35194878053e-16
0.0
1.35045537718e-16
1.34970929412e-16
0.0
1.34824940851e-16
0.0
0.0
0.0
0.0
1.34456015937e-16
1.34384827582e-16
1.34310584343e-16
0.0
0.0
1.34091187977e-16
0.0
1.3394615102e-16
0.0
1.33801270867e-16
0.0
0.0
1.33582706494e-16
0.0
0.0
0.0
1.33290819601e-16
1.33220248186e-16
0.0
1.33073089108e-16
1.33002632962e-16
1.32929153318e-16
1.32858773403e-16
0.0
0.0
0.0
0.0
0.0
0.0
1.32354965321e-16
1.32281843418e-16
0.0
1.32138763456e-16
0.0
0.0
0.0
1.31853067697e-16
0.0
1.31710451524e-16
0.0
1.3156798955e-16
1.31498330323e-16
0.0
0.0
0.0
0.0
0.0
0.0
1.31002697544e-16
0.0
1.3086100114e-16
0.0
0.0
0.0
1.30581074656e-16
1.30508932846e-16
1.30439834313e-16
0.0
0.0
0.0
0.0
0.0
1.3002002298e-16
1.29951183321e-16
0.0
0.0
0.0
1.29673203043e-16
0.0
0.0
0.0
0.0
1.29327308243e-16
0.0
0.0
0.0
1.29050662517e-16
0.0
0.0
0.0
0.0
0.0
0.0
1.28570176043e-16
0.0
0.0
0.0
0.0
1.28230176015e-16
1.28162284013e-16
1.28094427921e-16
1.28023659885e-16
1.27955877202e-16
0.0
0.0
1.27752744377e-16
1.27685105159e-16
0.0
1.27549934099e-16
0.0
0.0
1.27350378059e-16
1.27282951834e-16
0.0
1.27148206469e-16
1.27080887272e-16
1.27013603749e-16
0.0
1.26879143558e-16
1.26814886844e-16
1.26747744148e-16
0.0
1.26613565375e-16
0.0
0.0
0.0
0.0
0.0
0.0
1.26150866684e-16
0.0
1.26017319792e-16
1.25950599369e-16
0.0
1.25820161538e-16
1.25753545517e-16
0.0
1.25623311811e-16
0.0
1.25493212927e-16
0.0
0.0
1.25296874712e-16
0.0
1.25164231877e-16
0.0
0.0
0.0
0.0
0.0
0.0
0.0
1.24646543116e-16
0.0
0.0
1.24454395167e-16
1.24388502203e-16
0.0
0.0
1.24196752029e-16
1.24133853774e-16
0.0
0.0
0.0
1.238768743e-16
0.0
1.2374858408e-16
1.23685912795e-16
0.0
2.47115640705e-16
0.0
0.0
1.23370191405e-16
0.0
0.0
0.0
0.0
0.0
1.22990123735e-16
0.0
1.22865580955e-16
0.0
0.0
0.0
0.0
0.0
1.22489888262e-16
1.22427854447e-16
1.22365852035e-16
0.0
1.2224194137e-16
0.0
0.0
0.0
0.0
0.0
1.2187096177e-16
0.0
0.0
0.0
1.21624267746e-16
0.0
1.2150110803e-16
0.0
1.213808679e-16
0.0
0.0
0.0
1.21135165917e-16
0.0
1.21015287938e-16
0.0
0.0
0.0
0.0
1.20711942452e-16
0.0
0.0
1.20531410407e-16
1.2047036844e-16
0.0
1.20351148323e-16
0.0
1.20232046232e-16
0.0
0.0
1.20052231909e-16
0.0
1.19933425645e-16
1.19872686504e-16
0.0
0.0
1.19696165689e-16
0.0
1.19577711737e-16
2.39034305515e-16
1.19459375085e-16
1.19398875987e-16
1.19341155476e-16
0.0
0.0
1.19165417398e-16
1.19105067178e-16
0.0
0.0
0.0
1.1887218308e-16
1.18814717164e-16
1.18754544578e-16
1.18697135566e-16
0.0
1.18582400711e-16
0.0
1.18465049046e-16
1.18407779955e-16
1.18350538553e-16
0.0
1.18236138767e-16
2.36352518408e-16
0.0
0.0
0.0
0.0
0.0
0.0
1.17776932401e-16
0.0
1.17663087031e-16
0.0
2.35098703531e-16
0.0
0.0
1.17378954931e-16
0.0
1.17265494301e-16
0.0
1.17152143328e-16
0.0
1.17038901911e-16
0.0
1.16928462319e-16
0.0
0.0
1.16758965511e-16
1.16705208387e-16
1.16648790082e-16
0.0
1.16536035198e-16
1.16482380746e-16
1.16426070134e-16
0.0
0.0
0.0
1.16203775449e-16
2.32300547931e-16
1.16094123915e-16
0.0
2.31969151579e-16
0.0
