1e-16,	0.0918329282058
1.1e-16,	0.111117837081
1.2e-16,	0.132239402222
1.3e-16,	0.155197623328
1.4e-16,	0.179992500099
1.5e-16,	0.206624032236
1.6e-16,	0.235092219438
1.7e-16,	0.265397061406
1.8e-16,	0.297538557839
1.9e-16,	0.331516708439
2e-16,	0.367331512904
2.1e-16,	0.404982970936
2.2e-16,	0.444471082234
2.3e-16,	0.485795846498
2.4e-16,	0.528957263429
2.5e-16,	0.573955332726
2.6e-16,	0.620790054091
2.7e-16,	0.669461427222
2.8e-16,	0.71996945182
2.9e-16,	0.772314127585
3e-16,	0.826495454217
3.1e-16,	0.882513431417
3.2e-16,	0.940368058884
3.3e-16,	1.00005933632
3.4e-16,	1.06158726342
3.5e-16,	1.12495183989
3.6e-16,	1.19015306543
3.7e-16,	1.25719093974
3.8e-16,	1.32606546251
3.9e-16,	1.39677663346
4e-16,	1.46932445227
4.1e-16,	1.54370891865
4.2e-16,	1.6199300323
4.3e-16,	1.69798779291
4.4e-16,	1.7778822002
4.5e-16,	1.85961325386
4.6e-16,	1.94318095358
4.7e-16,	2.02858529907
4.8e-16,	2.11582629004
4.9e-16,	2.20490392617
5e-16,	2.29581820717
5.1e-16,	2.38856913275
5.2e-16,	2.48315670259
5.3e-16,	2.5795809164
5.4e-16,	2.67784177389
5.5e-16,	2.77793927474
5.6e-16,	2.87987341866
5.7e-16,	2.98364420536
5.8e-16,	3.08925163452
5.9e-16,	3.19669570586
6e-16,	3.30597641906
6.1e-16,	3.41709377384
6.2e-16,	3.53004776989
6.3e-16,	3.64483840691
6.4e-16,	3.7614656846
6.5e-16,	3.87992960266
6.6e-16,	4.0002301608
6.7e-16,	4.12236735871
6.8e-16,	4.24634119608
6.9e-16,	4.37215167263
7e-16,	4.49979878806
7.1e-16,	4.62928254205
7.2e-16,	4.76060293432
7.3e-16,	4.89375996456
7.4e-16,	5.02875363247
7.5e-16,	5.16558393775
7.6e-16,	5.30425088011
7.7e-16,	5.44475445924
7.8e-16,	5.58709467485
7.9e-16,	5.73127152662
8e-16,	5.87728501428
8.1e-16,	6.0251351375
8.2e-16,	6.174821896
8.3e-16,	6.32634528947
8.4e-16,	6.47970531761
8.5e-16,	6.63490198013
8.6e-16,	6.79193527673
8.7e-16,	6.95080520709
8.8e-16,	7.11151177094
8.9e-16,	7.27405496795
9e-16,	7.43843479784
9.1e-16,	7.60465126031
9.2e-16,	7.77270435505
9.3e-16,	7.94259408177
9.4e-16,	8.11432044016
9.5e-16,	8.28788342992
9.6e-16,	8.46328305076
9.7e-16,	8.64051930238
9.8e-16,	8.81959218447
9.9e-16,	9.00050169674
1e-15,	9.18324783888
1e-15,	9.18324783888
1.1e-15,	11.1117238375
1.2e-15,	13.2238624939
1.3e-15,	15.5196635081
1.4e-15,	17.9991265802
1.5e-15,	20.6622514105
1.6e-15,	23.509037699
1.7e-15,	26.5394851458
1.8e-15,	29.7535934511
1.9e-15,	33.1513623149
2e-15,	36.7327914375
2.1e-15,	40.4978805189
2.2e-15,	44.4466292593
2.3e-15,	48.5790373588
2.4e-15,	52.8951045175
2.5e-15,	57.3948304355
2.6e-15,	62.078214813
2.7e-15,	66.9452573501
2.8e-15,	71.995957747
2.9e-15,	77.2303157037
3e-15,	82.6483309203
3.1e-15,	88.2500030971
3.2e-15,	94.0353319341
3.3e-15,	100.004317131
3.4e-15,	106.156958389
3.5e-15,	112.493255408
3.6e-15,	119.013207887
3.7e-15,	125.716815527
3.8e-15,	132.604078028
3.9e-15,	139.67499509
4e-15,	146.929566414
4.1e-15,	154.367791699
4.2e-15,	161.989670645
4.3e-15,	169.795202953
4.4e-15,	177.784388323
4.5e-15,	185.957226454
4.6e-15,	194.313717048
4.7e-15,	202.853859804
4.8e-15,	211.577654422
4.9e-15,	220.485100603
5e-15,	229.576198046
5.1e-15,	238.850946452
5.2e-15,	248.309345521
5.3e-15,	257.951394952
5.4e-15,	267.777094447
5.5e-15,	277.786443705
5.6e-15,	287.979442426
5.7e-15,	298.356090311
5.8e-15,	308.916387059
5.9e-15,	319.660332372
6e-15,	330.587925948
6.1e-15,	341.699167488
6.2e-15,	352.994056692
6.3e-15,	364.47259326
6.4e-15,	376.134776893
6.5e-15,	387.980607291
6.6e-15,	400.010084153
6.7e-15,	412.22320718
6.8e-15,	424.619976072
6.9e-15,	437.200390529
7e-15,	449.964450251
7.1e-15,	462.912154938
7.2e-15,	476.043504291
7.3e-15,	489.35849801
7.4e-15,	502.857135794
7.5e-15,	516.539417345
7.6e-15,	530.405342361
7.7e-15,	544.454910544
7.8e-15,	558.688121592
7.9e-15,	573.104975208
8e-15,	587.70547109
8.1e-15,	602.489608938
8.2e-15,	617.457388454
8.3e-15,	632.608809336
8.4e-15,	647.943871286
8.5e-15,	663.462574003
8.6e-15,	679.164917187
8.7e-15,	695.050900539
8.8e-15,	711.120523758
8.9e-15,	727.373786545
9e-15,	743.810688601
9.1e-15,	760.431229624
9.2e-15,	777.235409316
9.3e-15,	794.223227376
9.4e-15,	811.394683504
9.5e-15,	828.749777401
9.6e-15,	846.288508767
9.7e-15,	864.010877302
9.8e-15,	881.916882706
9.9e-15,	900.006524679
1e-14,	918.279802922
1e-14,	918.279802922
1.1e-14,	1111.11251419
1.2e-14,	1322.30852256
1.3e-14,	1551.86752816
1.4e-14,	1799.78923114
1.5e-14,	2066.07333166
1.6e-14,	2350.71952985
1.7e-14,	2653.72752588
1.8e-14,	2975.09701989
1.9e-14,	3314.82771205
2e-14,	3672.9193025
2.1e-14,	4049.37149142
2.2e-14,	4444.18397896
2.3e-14,	4857.35646528
2.4e-14,	5288.88865055
2.5e-14,	5738.78023495
2.6e-14,	6207.03091863
2.7e-14,	6693.64040177
2.8e-14,	7198.60838454
2.9e-14,	7721.93456713
3e-14,	8263.6186497
3.1e-14,	8823.66033244
3.2e-14,	9402.05931552
3.3e-14,	9998.81529913
3.4e-14,	10613.9279835
3.5e-14,	11247.3970687
3.6e-14,	11899.222255
3.7e-14,	12569.4032426
3.8e-14,	13257.9397317
3.9e-14,	13964.8314225
4e-14,	14690.0780151
4.1e-14,	15433.6792098
4.2e-14,	16195.6347068
4.3e-14,	16975.9442062
4.4e-14,	17774.6074083
4.5e-14,	18591.6240133
4.6e-14,	19426.9937214
4.7e-14,	20280.7162328
4.8e-14,	21152.7912478
4.9e-14,	22043.2184664
5e-14,	22951.997589
5.1e-14,	23879.1283158
5.2e-14,	24824.6103469
5.3e-14,	25788.4433827
5.4e-14,	26770.6271233
5.5e-14,	27771.161269
5.6e-14,	28790.0455199
5.7e-14,	29827.2795764
5.8e-14,	30882.8631386
5.9e-14,	31956.7959068
6e-14,	33049.0775813
6.1e-14,	34159.7078622
6.2e-14,	35288.6864498
6.3e-14,	36436.0130443
6.4e-14,	37601.6873461
6.5e-14,	38785.7090553
6.6e-14,	39988.0778721
6.7e-14,	41208.7934969
6.8e-14,	42447.8556299
6.9e-14,	43705.2639713
7e-14,	44981.0182215
7.1e-14,	46275.1180805
7.2e-14,	47587.5632488
7.3e-14,	48918.3534266
7.4e-14,	50267.4883141
7.5e-14,	51634.9676116
7.6e-14,	53020.7910194
7.7e-14,	54424.9582378
7.8e-14,	55847.4689669
7.9e-14,	57288.3229072
8e-14,	58747.5197588
8.1e-14,	60225.059222
8.2e-14,	61720.9409972
8.3e-14,	63235.1647846
8.4e-14,	64767.7302845
8.5e-14,	66318.6371971
8.6e-14,	67887.8852228
8.7e-14,	69475.4740619
8.8e-14,	71081.4034145
8.9e-14,	72705.6729812
9e-14,	74348.282462
9.1e-14,	76009.2315574
9.2e-14,	77688.5199677
9.3e-14,	79386.147393
9.4e-14,	81102.1135338
9.5e-14,	82836.4180903
9.6e-14,	84589.0607629
9.7e-14,	86360.0412518
9.8e-14,	88149.3592574
9.9e-14,	89957.0144799
1e-13,	91783.0066198
1e-13,	91783.0066198
1.1e-13,	111051.39254
1.2e-13,	132153.140551
1.3e-13,	155087.950999
1.4e-13,	179855.524253
1.5e-13,	206455.560698
1.6e-13,	234887.760741
1.7e-13,	265151.824808
1.8e-13,	297247.453344
1.9e-13,	331174.346816
2e-13,	366932.205708
2.1e-13,	404520.730524
2.2e-13,	443939.621789
2.3e-13,	485188.580047
2.4e-13,	528267.305861
2.5e-13,	573175.499815
2.6e-13,	619912.862511
2.7e-13,	668479.094571
2.8e-13,	718873.896639
2.9e-13,	771096.969376
3e-13,	825148.013463
3.1e-13,	881026.729601
3.2e-13,	938732.818511
3.3e-13,	998265.980934
3.4e-13,	1059625.91763
3.5e-13,	1122812.32938
3.6e-13,	1187824.91698
3.7e-13,	1254663.38124
3.8e-13,	1323327.42302
3.9e-13,	1393816.74317
4e-13,	1466131.04256
4.1e-13,	1540270.02209
4.2e-13,	1616233.38269
4.3e-13,	1694020.82528
4.4e-13,	1773632.05082
4.5e-13,	1855066.7603
4.6e-13,	1938324.6547
4.7e-13,	2023405.43504
4.8e-13,	2110308.80235
4.9e-13,	2199034.4577
5e-13,	2289582.10215
5.1e-13,	2381951.4368
5.2e-13,	2476142.16276
5.3e-13,	2572153.98117
5.4e-13,	2669986.59318
5.5e-13,	2769639.69996
5.6e-13,	2871113.0027
5.7e-13,	2974406.20262
5.8e-13,	3079519.00095
5.9e-13,	3186451.09894
6e-13,	3295202.19785
6.1e-13,	3405771.99899
6.2e-13,	3518160.20366
6.3e-13,	3632366.51318
6.4e-13,	3748390.62892
6.5e-13,	3866232.25223
6.6e-13,	3985891.08451
6.7e-13,	4107366.82717
6.8e-13,	4230659.18163
6.9e-13,	4355767.84934
7e-13,	4482692.53177
7.1e-13,	4611432.93041
7.2e-13,	4741988.74676
7.3e-13,	4874359.68235
7.4e-13,	5008545.43872
7.5e-13,	5144545.71745
7.6e-13,	5282360.2201
7.7e-13,	5421988.6483
7.8e-13,	5563430.70367
7.9e-13,	5706686.08784
8e-13,	5851754.50249
8.1e-13,	5998635.64929
8.2e-13,	6147329.22995
8.3e-13,	6297834.94619
8.4e-13,	6450152.49976
8.5e-13,	6604281.59242
8.6e-13,	6760221.92594
8.7e-13,	6917973.20213
8.8e-13,	7077535.12282
8.9e-13,	7238907.38983
9e-13,	7402089.70504
9.1e-13,	7567081.77032
9.2e-13,	7733883.28757
9.3e-13,	7902493.95871
9.4e-13,	8072913.48568
9.5e-13,	8245141.57043
9.6e-13,	8419177.91496
9.7e-13,	8595022.22124
9.8e-13,	8772674.19131
9.9e-13,	8952133.5272
1e-12,	9133399.93096
1e-12,	9133399.93096
1.1e-12,	11045387.1682
1.2e-12,	13137753.6014
1.3e-12,	15410201.6113
1.4e-12,	17862433.7754
1.5e-12,	20494152.8677
1.6e-12,	23305061.8585
1.7e-12,	26294863.9146
1.8e-12,	29463262.3994
1.9e-12,	32809960.8726
2e-12,	36334663.0907
2.1e-12,	40037073.0062
2.2e-12,	43916894.7684
2.3e-12,	47973832.7231
2.4e-12,	52207591.4125
2.5e-12,	56617875.575
2.6e-12,	61204390.146
2.7e-12,	65966840.257
2.8e-12,	70904931.236
2.9e-12,	76018368.6077
3e-12,	81306858.093
3.1e-12,	86770105.6095
3.2e-12,	92407817.2712
3.3e-12,	98219699.3884
3.4e-12,	104205458.468
3.5e-12,	110364801.214
3.6e-12,	116697434.525
3.7e-12,	123203065.499
3.8e-12,	129881401.428
3.9e-12,	136732149.801
4e-12,	143755018.304
4.1e-12,	150949714.819
4.2e-12,	158315947.425
4.3e-12,	165853424.398
4.4e-12,	173561854.209
4.5e-12,	181440945.526
4.6e-12,	189490407.213
4.7e-12,	197709948.332
4.8e-12,	206099278.141
4.9e-12,	214658106.093
5e-12,	223386141.84
5.1e-12,	232283095.227
5.2e-12,	241348676.299
5.3e-12,	250582595.295
5.4e-12,	259984562.652
5.5e-12,	269554289.003
5.6e-12,	279291485.177
5.7e-12,	289195862.2
5.8e-12,	299267131.295
5.9e-12,	309505003.879
6e-12,	319909191.57
6.1e-12,	330479406.177
6.2e-12,	341215359.71
6.3e-12,	352116764.373
6.4e-12,	363183332.567
6.5e-12,	374414776.891
6.6e-12,	385810810.137
6.7e-12,	397371145.297
6.8e-12,	409095495.559
6.9e-12,	420983574.304
7e-12,	433035095.114
7.1e-12,	445249771.765
7.2e-12,	457627318.23
7.3e-12,	470167448.678
7.4e-12,	482869877.476
7.5e-12,	495734319.185
7.6e-12,	508760488.565
7.7e-12,	521948100.571
7.8e-12,	535296870.354
7.9e-12,	548806513.264
8e-12,	562476744.845
8.1e-12,	576307280.838
8.2e-12,	590297837.181
8.3e-12,	604448130.008
8.4e-12,	618757875.65
8.5e-12,	633226790.633
8.6e-12,	647854591.683
8.7e-12,	662640995.718
8.8e-12,	677585719.855
8.9e-12,	692688481.408
9e-12,	707948997.886
9.1e-12,	723366986.994
9.2e-12,	738942166.637
9.3e-12,	754674254.911
9.4e-12,	770562970.113
9.5e-12,	786608030.735
9.6e-12,	802809155.465
9.7e-12,	819166063.189
9.8e-12,	835678472.986
9.9e-12,	852346104.136
1e-11,	869168676.112
1e-11,	869168676.112
1.1e-11,	1045854566.15
1.2e-11,	1237727419.38
1.3e-11,	1444509951.93
1.4e-11,	1665926944.94
1.5e-11,	1901704857.22
1.6e-11,	2151572386.44
1.7e-11,	2415260107.71
1.8e-11,	2692500560.87
1.9e-11,	2983028250.56
2e-11,	3286579646.13
2.1e-11,	3602893181.69
2.2e-11,	3931709027.75
2.3e-11,	4272769986.0
2.4e-11,	4625820174.61
2.5e-11,	4990605886.72
2.6e-11,	5366875380.23
2.7e-11,	5754378877.8
2.8e-11,	6152868566.84
2.9e-11,	6562098599.49
3e-11,	6981825092.67
3.1e-11,	7411806128.03
3.2e-11,	7851800483.7
3.3e-11,	8301572637.88
3.4e-11,	8760883956.65
3.5e-11,	9229503124.95
3.6e-11,	9707198057.21
3.7e-11,	10193736003.9
3.8e-11,	10688890456.4
3.9e-11,	11192434471.3
4e-11,	11704144268.1
4.1e-11,	12223798203.6
4.2e-11,	12751170980.2
4.3e-11,	13286053238.1
4.4e-11,	13828221436.1
4.5e-11,	14377470411.5
4.6e-11,	14933573083.7
4.7e-11,	15496327958.9
4.8e-11,	16065528256.8
4.9e-11,	16640965503.5
5e-11,	17222424690.1
5.1e-11,	17809722714.0
5.2e-11,	18402646062.9
5.3e-11,	19001002544.7
5.4e-11,	19604581340.5
5.5e-11,	20213203890.5
5.6e-11,	20826671949.6
5.7e-11,	21444795750.7
5.8e-11,	22067383432.0
5.9e-11,	22694249630.4
6e-11,	23325209405.3
6.1e-11,	23960079780.9
6.2e-11,	24598679746.2
6.3e-11,	25240830255.0
6.4e-11,	25886354225.6
6.5e-11,	26535076541.3
6.6e-11,	27186824050.2
6.7e-11,	27841425564.8
6.8e-11,	28498711862.8
6.9e-11,	29158515686.3
7e-11,	29820671742.4
7.1e-11,	30485016702.7
7.2e-11,	31151389203.8
7.3e-11,	31819629846.8
7.4e-11,	32489581197.9
7.5e-11,	33161087787.7
7.6e-11,	33833996111.7
7.7e-11,	34508154630.2
7.8e-11,	35183413768.2
7.9e-11,	35859625915.4
8e-11,	36536645426.3
8.1e-11,	37214328620.2
8.2e-11,	37892538977.9
8.3e-11,	38571126445.4
8.4e-11,	39249950588.0
8.5e-11,	39928890975.7
8.6e-11,	40607806114.4
8.7e-11,	41286564112.1
8.8e-11,	41965035041.1
8.9e-11,	42643090938.8
9e-11,	43320605807.2
9.1e-11,	43997455613.1
9.2e-11,	44673518288.0
9.3e-11,	45348673728.1
9.4e-11,	46022803794.6
9.5e-11,	46695792313.2
9.6e-11,	47367525074.4
9.7e-11,	48037889833.5
9.8e-11,	48706779495.4
9.9e-11,	49374078438.2
1e-10,	50039685378.1
1e-10,	50039685378.1
1.1e-10,	56580651274.6
1.2e-10,	62849924297.2
1.3e-10,	68773583370.5
1.4e-10,	74297310732.4
1.5e-10,	79386509507.5
1.6e-10,	84026179356.4
1.7e-10,	88220967622.7
1.8e-10,	91995174964.0
1.9e-10,	95392768123.4
2e-10,	98477275606.3
2.1e-10,	101332069582.0
2.2e-10,	104059995649.0
2.3e-10,	106783595945.0
2.4e-10,	109645037531.0
2.5e-10,	112806186738.0
2.6e-10,	116448518792.0
2.7e-10,	120773157186.0
2.8e-10,	126000900722.0
2.9e-10,	132372176933.0
3e-10,	140147045691.0
3.1e-10,	149605236038.0
3.2e-10,	161046093363.0
3.3e-10,	174788721183.0
3.4e-10,	191171699973.0
3.5e-10,	210553373079.0
3.6e-10,	233311776127.0
3.7e-10,	259844351949.0
3.8e-10,	290568533735.0
3.9e-10,	325921063637.0
4e-10,	366358561561.0
4.1e-10,	412356493216.0
4.2e-10,	464412042932.0
4.3e-10,	523040942990.0
4.4e-10,	588776774175.0
4.5e-10,	662175023203.0
4.6e-10,	743810083734.0
4.7e-10,	834276152916.0
4.8e-10,	934186906538.0
4.9e-10,	1.04417571073e+12
5e-10,	1.1648956152e+12
5.1e-10,	1.29701950687e+12
5.2e-10,	1.44123928285e+12
5.3e-10,	1.59826711218e+12
5.4e-10,	1.76883467882e+12
5.5e-10,	1.95369310891e+12
5.6e-10,	2.15361338261e+12
5.7e-10,	2.36938605843e+12
5.8e-10,	2.60182134237e+12
5.9e-10,	2.85174898845e+12
6e-10,	3.12001869097e+12
6.1e-10,	3.4074995037e+12
6.2e-10,	3.71508022262e+12
6.3e-10,	4.04366929123e+12
6.4e-10,	4.39419480052e+12
6.5e-10,	4.76760448902e+12
6.6e-10,	5.16486574273e+12
6.7e-10,	5.58695871996e+12
6.8e-10,	6.03490331686e+12
6.9e-10,	6.50971999702e+12
7e-10,	7.0124537642e+12
7.1e-10,	7.5441701255e+12
7.2e-10,	8.10595547596e+12
7.3e-10,	8.69892474812e+12
7.4e-10,	9.32418212173e+12
7.5e-10,	9.98288167276e+12
7.6e-10,	1.06761872623e+13
7.7e-10,	1.14052823991e+13
7.8e-10,	1.21713702392e+13
7.9e-10,	1.29756735864e+13
8e-10,	1.38194348917e+13
8.1e-10,	1.47039162538e+13
8.2e-10,	1.56303994191e+13
8.3e-10,	1.66001857811e+13
8.4e-10,	1.76145963811e+13
8.5e-10,	1.86749719079e+13
8.6e-10,	1.97826726976e+13
8.7e-10,	2.0939078734e+13
8.8e-10,	2.21455896484e+13
8.9e-10,	2.34036247195e+13
9e-10,	2.47146240832e+13
9.1e-10,	2.60800439821e+13
9.2e-10,	2.75013637639e+13
9.3e-10,	2.89800812977e+13
9.4e-10,	3.05177140999e+13
9.5e-10,	3.21157993346e+13
9.6e-10,	3.37758938131e+13
9.7e-10,	3.54995739947e+13
9.8e-10,	3.72884359858e+13
9.9e-10,	3.91440955405e+13
1e-09,	4.10681880604e+13
